iter	Passed	Remaining
0	408	1020023
1	851	1063417
2	1286	1070804
3	1708	1066265
4	2142	1068913
5	2531	1052274
6	2944	1048536
7	3321	1034540
8	3691	1021747
9	4072	1014054
10	4484	1014697
11	4867	1009134
12	5254	1005250
13	5614	996951
14	6000	994028
15	6384	991119
16	6716	980946
17	7082	976552
18	7500	979386
19	7887	978078
20	8290	978677
21	8653	974716
22	9089	978880
23	9450	974969
24	9830	973206
25	10206	971209
26	10552	966541
27	10926	964686
28	11277	960928
29	11633	957860
30	12048	959590
31	12421	958023
32	12777	955232
33	13219	958776
34	13590	957183
35	13938	954010
36	14296	951692
37	14653	949373
38	15028	948323
39	15410	947745
40	15777	946269
41	16152	945301
42	16532	944633
43	16885	942545
44	17265	941936
45	17632	940648
46	18045	941836
47	18451	942585
48	18859	943377
49	19255	943515
50	19594	940910
51	19883	936075
52	20256	935257
53	20681	936776
54	21092	937676
55	21488	937833
56	21831	935677
57	22207	935001
58	22571	933851
59	22963	933850
60	23372	934514
61	23771	934755
62	24135	933627
63	24559	934781
64	24956	934904
65	25312	933511
66	25657	931708
67	26000	929899
68	26377	929314
69	26775	929507
70	27174	929662
71	27546	928923
72	27920	928272
73	28336	928984
74	28748	929524
75	29146	929632
76	29567	930408
77	29961	930347
78	30308	928812
79	30665	927623
80	31024	926534
81	31407	926141
82	31754	924712
83	32122	923899
84	32483	922901
85	32854	922231
86	33213	921192
87	33552	919644
88	33900	918357
89	34268	917621
90	34687	918263
91	35062	917732
92	35417	916654
93	35786	915984
94	36203	916507
95	36633	917353
96	37037	917537
97	37426	917332
98	37837	917642
99	38256	918148
100	38641	917833
101	39021	917390
102	39407	917091
103	39802	916994
104	40210	917190
105	40587	916654
106	40981	916519
107	41369	916267
108	41718	915118
109	42069	914053
110	42407	912720
111	42773	912001
112	43141	911324
113	43523	910944
114	43877	909990
115	44236	909135
116	44580	908000
117	44940	907192
118	45286	906108
119	45660	905600
120	46000	904415
121	46367	903779
122	46690	902294
123	47052	901593
124	47433	901238
125	47772	900097
126	48164	899957
127	48525	899242
128	48899	898765
129	49213	897195
130	49581	896634
131	49932	895758
132	50306	895307
133	50669	894659
134	51041	894172
135	51388	893259
136	51779	893094
137	52124	892155
138	52474	891318
139	52823	890451
140	53186	889839
141	53558	889367
142	53909	888561
143	54282	888119
144	54649	887588
145	54988	886588
146	55321	885524
147	55608	883730
148	55955	882894
149	56300	882040
150	56687	881852
151	57064	881502
152	57541	882686
153	57897	881999
154	58307	882136
155	58706	882096
156	59165	882954
157	59601	883454
158	59966	882904
159	60346	882563
160	60742	882466
161	61105	881881
162	61484	881528
163	61881	881434
164	62270	881220
165	62618	880430
166	63037	880638
167	63388	879899
168	63780	879723
169	64139	879084
170	64511	878638
171	64863	877918
172	65228	877376
173	65560	876394
174	65908	875642
175	66308	875575
176	66656	874822
177	67003	874056
178	67374	873612
179	67734	873019
180	68056	871946
181	68426	871492
182	68764	870635
183	69116	869972
184	69483	869479
185	69801	868396
186	70155	867749
187	70496	866958
188	70871	866585
189	71243	866164
190	71592	865483
191	71937	864750
192	72356	864902
193	72725	864459
194	73109	864187
195	73476	863727
196	73846	863291
197	74223	862943
198	74580	862365
199	74981	862286
200	75351	861857
201	75734	861576
202	76076	860820
203	76420	860108
204	76795	859739
205	77155	859198
206	77521	858729
207	77904	858444
208	78265	857925
209	78595	857070
210	78946	856437
211	79304	855893
212	79640	855105
213	79986	854438
214	80333	853772
215	80667	852980
216	81025	852449
217	81354	851612
218	81727	851235
219	82081	850663
220	82438	850128
221	82821	849851
222	83205	849594
223	83562	849057
224	83933	848657
225	84322	848444
226	84698	848107
227	85052	847540
228	85397	846885
229	85756	846383
230	86122	845941
231	86470	845322
232	86855	845065
233	87213	844556
234	87582	844142
235	87978	843992
236	88334	843460
237	88795	843929
238	89159	843472
239	89551	843273
240	89900	842679
241	90221	841815
242	90570	841223
243	90972	841123
244	91360	840888
245	91758	840746
246	92081	839913
247	92430	839329
248	92773	838690
249	93130	838175
250	93449	837323
251	93813	836875
252	94159	836270
253	94511	835720
254	94851	835061
255	95220	834671
256	95610	834452
257	96030	834496
258	96447	834516
259	96855	834450
260	97258	834337
261	97627	833932
262	98037	833881
263	98426	833645
264	98824	833481
265	99221	833313
266	99565	832695
267	99965	832546
268	100324	832055
269	100651	831304
270	100992	830672
271	101367	830317
272	101742	829966
273	102086	829360
274	102408	828581
275	102763	828063
276	103151	827817
277	103524	827454
278	103873	826889
279	104200	826162
280	104565	825730
281	104903	825093
282	105250	824521
283	105593	823925
284	105959	823507
285	106271	822675
286	106597	821951
287	106941	821370
288	107289	820817
289	107651	820381
290	108006	819882
291	108429	819907
292	108802	819547
293	109199	819366
294	109581	819071
295	109933	818557
296	110288	818062
297	110666	817741
298	111060	817540
299	111408	816995
300	111797	816749
301	112139	816170
302	112473	815522
303	112880	815412
304	113246	815004
305	113606	814552
306	113969	814121
307	114325	813644
308	114713	813385
309	115067	812897
310	115398	812241
311	115776	811918
312	116111	811298
313	116504	811079
314	116929	811085
315	117290	810638
316	117636	810097
317	118029	809878
318	118443	809794
319	118819	809459
320	119176	808991
321	119568	808759
322	119919	808246
323	120259	807670
324	120635	807327
325	121000	806918
326	121348	806395
327	121716	805999
328	122111	805785
329	122470	805334
330	122889	805282
331	123260	804903
332	123620	804459
333	123981	804020
334	124319	803437
335	124655	802840
336	124986	802211
337	125368	801916
338	125732	801495
339	126014	800563
340	126422	800428
341	126815	800199
342	127266	800332
343	127609	799787
344	128049	799843
345	128434	799560
346	128797	799139
347	129209	799021
348	129553	798478
349	129890	797901
350	130227	797320
351	130598	796945
352	130989	796698
353	131345	796237
354	131687	795688
355	132099	795563
356	132455	795102
357	132881	795059
358	133212	794450
359	133613	794256
360	134012	794049
361	134377	793646
362	134698	792977
363	135073	792631
364	135397	791980
365	135745	791479
366	136068	790830
367	136497	790793
368	136874	790457
369	137226	789980
370	137623	789759
371	137961	789200
372	138308	788694
373	138699	788433
374	139065	788036
375	139387	787390
376	139707	786734
377	140042	786164
378	140398	785713
379	140791	785467
380	141168	785134
381	141575	784963
382	141922	784467
383	142248	783851
384	142604	783398
385	142934	782809
386	143301	782419
387	143651	781939
388	143999	781449
389	144325	780837
390	144667	780318
391	145014	779822
392	145374	779399
393	145763	779133
394	146130	778746
395	146524	778502
396	146954	778450
397	147369	778316
398	147770	778111
399	148217	778143
400	148598	777825
401	148952	777371
402	149325	777008
403	149743	776887
404	150125	776572
405	150481	776129
406	150862	775810
407	151212	775332
408	151590	775001
409	151942	774538
410	152287	774033
411	152627	773509
412	153015	773228
413	153412	772988
414	153745	772433
415	154083	771897
416	154332	770921
417	154727	770677
418	155077	770207
419	155469	769944
420	155831	769534
421	156214	769228
422	156644	769151
423	157046	768936
424	157452	768740
425	157819	768350
426	158192	767994
427	158547	767548
428	158895	767068
429	159260	766671
430	159640	766349
431	159975	765810
432	160324	765338
433	160697	764977
434	161040	764479
435	161369	763912
436	161713	763419
437	162116	763206
438	162451	762672
439	162852	762447
440	163201	761978
441	163560	761557
442	163926	761165
443	164243	760551
444	164584	760046
445	164910	759476
446	165293	759168
447	165646	758719
448	165979	758183
449	166354	757838
450	166734	757515
451	167082	757046
452	167439	756618
453	167796	756194
454	168148	755745
455	168523	755400
456	168864	754901
457	169273	754708
458	169647	754358
459	169999	753912
460	170351	753461
461	170697	752991
462	171021	752418
463	171357	751903
464	171753	751651
465	172112	751239
466	172514	751012
467	172933	750855
468	173306	750500
469	173683	750164
470	174027	749686
471	174417	749402
472	174769	748959
473	175125	748533
474	175509	748225
475	175854	747752
476	176252	747504
477	176664	747313
478	177091	747187
479	177491	746944
480	177915	746799
481	178267	746354
482	178623	745926
483	178992	745553
484	179377	745249
485	179733	744822
486	180076	744340
487	180431	743909
488	180782	743462
489	181148	743077
490	181528	742752
491	181910	742430
492	182246	741924
493	182599	741486
494	182947	741029
495	183283	740523
496	183613	739994
497	183965	739556
498	184356	739275
499	184758	739034
500	185132	738681
501	185478	738219
502	185858	737891
503	186236	737554
504	186649	737358
505	187026	737016
506	187402	736673
507	187860	736649
508	188183	736098
509	188528	735630
510	188864	735129
511	189238	734777
512	189613	734429
513	189961	733977
514	190299	733483
515	190668	733113
516	191019	732671
517	191368	732223
518	191739	731861
519	192089	731416
520	192455	731034
521	192803	730585
522	193144	730110
523	193506	729710
524	193883	729372
525	194212	728850
526	194564	728418
527	194932	728042
528	195357	727881
529	195696	727401
530	196056	726995
531	196404	726549
532	196791	726245
533	197161	725880
534	197529	725504
535	197897	725130
536	198261	724744
537	198636	724395
538	198953	723835
539	199319	723457
540	199703	723139
541	200068	722755
542	200481	722545
543	200906	722376
544	201324	722183
545	201747	722004
546	202177	721849
547	202546	721478
548	202952	721239
549	203299	720789
550	203671	720427
551	204016	719969
552	204366	719532
553	204722	719115
554	205098	718767
555	205477	718431
556	205879	718175
557	206215	717687
558	206583	717314
559	206925	716849
560	207327	716590
561	207707	716258
562	208062	715837
563	208543	715851
564	208933	715550
565	209160	714694
566	209505	714238
567	209854	713800
568	210200	713351
569	210547	712906
570	210933	712592
571	211254	712061
572	211594	711592
573	211955	711194
574	212291	710714
575	212639	710273
576	212982	709817
577	213325	709363
578	213662	708886
579	214051	708584
580	214464	708360
581	214860	708078
582	215245	707764
583	215620	707411
584	216008	707105
585	216446	706959
586	216796	706526
587	217161	706143
588	217528	705767
589	217867	705301
590	218269	705035
591	218668	704763
592	219030	704369
593	219382	703944
594	219753	703581
595	220078	703070
596	220492	702842
597	220856	702456
598	221261	702200
599	221664	701936
600	222024	701538
601	222384	701138
602	222735	700711
603	223129	700418
604	223514	700100
605	223879	699714
606	224244	699332
607	224680	699171
608	225044	698784
609	225385	698325
610	225728	697875
611	226131	697607
612	226492	697211
613	226863	696846
614	227256	696550
615	227621	696165
616	228017	695878
617	228373	695468
618	228771	695184
619	229104	694702
620	229477	694345
621	229880	694076
622	230244	693689
623	230605	693293
624	230955	692867
625	231391	692695
626	231781	692385
627	232164	692057
628	232535	691691
629	232999	691602
630	233422	691388
631	233786	691002
632	234206	690778
633	234586	690438
634	234982	690144
635	235390	689886
636	235776	689564
637	236210	689379
638	236723	689426
639	237219	689417
640	237751	689515
641	238244	689498
642	238804	689673
643	239405	689965
644	239898	689940
645	240384	689894
646	240887	689899
647	241406	689944
648	241946	690052
649	242565	690379
650	243014	690220
651	243454	690038
652	243879	689810
653	244411	689884
654	244828	689632
655	245215	689294
656	245593	688931
657	246026	688724
658	246463	688526
659	246901	688332
660	247275	687956
661	247648	687578
662	248064	687322
663	248482	687069
664	248934	686908
665	249336	686610
666	249743	686327
667	250173	686105
668	250634	685967
669	251002	685574
670	251424	685329
671	251806	684973
672	252263	684823
673	252705	684629
674	253181	684528
675	253564	684173
676	254019	684014
677	254390	683628
678	254815	683387
679	255202	683043
680	255662	682892
681	256049	682548
682	256498	682369
683	256927	682135
684	257286	681714
685	257665	681349
686	258049	680996
687	258418	680602
688	258843	680357
689	259273	680122
690	259691	679858
691	260105	679581
692	260482	679208
693	260861	678841
694	261279	678574
695	261700	678315
696	262067	677915
697	262443	677539
698	262826	677183
699	263178	676745
700	263558	676377
701	263947	676035
702	264343	675712
703	264744	675399
704	265172	675156
705	265577	674852
706	265949	674466
707	266351	674154
708	266736	673801
709	267164	673555
710	267612	673359
711	268025	673076
712	268468	672866
713	268852	672507
714	269273	672243
715	269651	671868
716	270005	671437
717	270392	671084
718	270773	670720
719	271179	670416
720	271549	670022
721	271923	669638
722	272327	669329
723	272690	668921
724	273035	668466
725	273402	668065
726	273777	667685
727	274183	667379
728	274585	667065
729	274988	666751
730	275349	666338
731	275749	666018
732	276147	665692
733	276513	665289
734	276859	664840
735	277236	664463
736	277634	664137
737	278015	663771
738	278388	663385
739	278776	663035
740	279151	662655
741	279506	662225
742	279874	661830
743	280233	661412
744	280609	661032
745	281031	660764
746	281504	660611
747	281909	660300
748	282283	659917
749	282687	659603
750	283114	659344
751	283490	658964
752	283876	658609
753	284293	658324
754	284687	657985
755	285078	657641
756	285534	657445
757	286012	657300
758	286467	657102
759	286949	656964
760	287395	656741
761	287783	656387
762	288124	655925
763	288524	655600
764	288865	655140
765	289230	654733
766	289628	654402
767	290016	654047
768	290412	653711
769	290753	653251
770	291162	652944
771	291569	652632
772	291936	652230
773	292324	651876
774	292721	651540
775	293092	651147
776	293457	650742
777	293805	650299
778	294181	649919
779	294596	649622
780	294963	649221
781	295359	648885
782	295742	648518
783	296139	648182
784	296509	647787
785	296900	647440
786	297260	647022
787	297644	646658
788	298028	646296
789	298399	645901
790	298741	645447
791	299095	645019
792	299463	644621
793	299844	644250
794	300227	643883
795	300597	643490
796	300958	643077
797	301329	642685
798	301677	642245
799	302069	641896
800	302417	641456
801	302799	641089
802	303182	640722
803	303564	640354
804	303900	639890
805	304274	639505
806	304621	639063
807	304983	638652
808	305356	638267
809	305752	637927
810	306109	637506
811	306455	637064
812	306790	636599
813	307151	636188
814	307511	635775
815	307860	635339
816	308253	634995
817	308527	634403
818	308897	634012
819	309226	633537
820	309586	633125
821	309987	632797
822	310372	632434
823	310786	632134
824	311158	631745
825	311561	631420
826	311947	631061
827	312293	630622
828	312635	630173
829	312994	629760
830	313363	629366
831	313748	629006
832	314136	628650
833	314499	628244
834	314888	627891
835	315266	627516
836	315611	627075
837	316053	626827
838	316387	626364
839	316756	625971
840	317095	625518
841	317447	625093
842	317831	624729
843	318224	624382
844	318652	624106
845	319068	623805
846	319462	623461
847	319840	623084
848	320237	622747
849	320612	622365
850	320988	621985
851	321379	621634
852	321663	621078
853	322037	620694
854	322373	620239
855	322729	619821
856	323075	619385
857	323395	618899
858	323777	618530
859	324169	618183
860	324519	617756
861	324867	617323
862	325221	616903
863	325625	616577
864	326016	616226
865	326395	615855
866	326776	615485
867	327156	615114
868	327550	614768
869	327917	614374
870	328329	614061
871	328689	613653
872	329032	613214
873	329379	612782
874	329760	612411
875	330103	611973
876	330450	611539
877	330799	611112
878	331146	610681
879	331496	610255
880	331856	609846
881	332200	609410
882	332542	608970
883	332873	608510
884	333236	608110
885	333576	607667
886	333928	607245
887	334268	606803
888	334617	606376
889	334984	605982
890	335334	605559
891	335667	605104
892	335996	604642
893	336373	604269
894	336793	603969
895	337152	603562
896	337577	603274
897	337940	602874
898	338338	602536
899	338727	602182
900	339113	601822
901	339480	601430
902	339832	601010
903	340181	600585
904	340545	600188
905	340892	599759
906	341255	599360
907	341646	599010
908	342001	598596
909	342343	598161
910	342668	597695
911	343066	597356
912	343438	596973
913	343820	596606
914	344166	596179
915	344534	595788
916	344899	595393
917	345233	594945
918	345576	594512
919	345897	594041
920	346299	593710
921	346630	593256
922	346970	592819
923	347303	592371
924	347647	591940
925	348010	591542
926	348346	591099
927	348798	590851
928	349195	590512
929	349566	590128
930	349941	589751
931	350295	589338
932	350630	588894
933	350968	588454
934	351288	587986
935	351665	587611
936	352011	587187
937	352427	586878
938	352813	586519
939	353176	586122
940	353513	585682
941	353851	585245
942	354232	584877
943	354628	584535
944	354989	584136
945	355330	583703
946	355690	583302
947	356058	582914
948	356418	582513
949	356804	582154
950	357229	581859
951	357639	581539
952	358020	581173
953	358378	580769
954	358776	580428
955	359096	579962
956	359514	579656
957	359882	579267
958	360255	578888
959	360585	578438
960	360934	578020
961	361277	577594
962	361620	577166
963	361952	576720
964	362286	576279
965	362659	575899
966	363026	575511
967	363369	575085
968	363729	574685
969	364072	574258
970	364473	573923
971	364823	573509
972	365220	573166
973	365587	572779
974	365979	572429
975	366378	572091
976	366781	571758
977	367123	571330
978	367512	570977
979	367880	570590
980	368245	570198
981	368620	569822
982	368989	569437
983	369352	569043
984	369782	568751
985	370182	568414
986	370533	568000
987	370886	567591
988	371264	567219
989	371627	566825
990	371973	566406
991	372346	566026
992	372743	565683
993	373126	565320
994	373442	564855
995	373799	564452
996	374149	564038
997	374512	563645
998	374875	563250
999	375243	562865
1000	375633	562512
1001	375979	562093
1002	376357	561721
1003	376719	561327
1004	377126	560998
1005	377479	560591
1006	377854	560215
1007	378264	559892
1008	378691	559592
1009	379061	559209
1010	379458	558865
1011	379859	558528
1012	380187	558083
1013	380580	557734
1014	380899	557275
1015	381266	556888
1016	381592	556441
1017	381933	556017
1018	382301	555630
1019	382685	555269
1020	383058	554890
1021	383453	554543
1022	383839	554184
1023	384226	553826
1024	384620	553477
1025	384962	553055
1026	385344	552689
1027	385725	552322
1028	386084	551924
1029	386488	551591
1030	386901	551269
1031	387277	550895
1032	387650	550516
1033	387999	550104
1034	388386	549744
1035	388706	549291
1036	389046	548866
1037	389423	548494
1038	389794	548112
1039	390192	547770
1040	390569	547397
1041	390931	547003
1042	391321	546649
1043	391732	546324
1044	392080	545911
1045	392433	545504
1046	392814	545138
1047	393215	544798
1048	393607	544447
1049	394005	544103
1050	394375	543719
1051	394734	543322
1052	395107	542944
1053	395447	542520
1054	395814	542134
1055	396182	541750
1056	396515	541316
1057	396869	540913
1058	397195	540471
1059	397555	540075
1060	397871	539620
1061	398203	539187
1062	398530	538747
1063	398861	538313
1064	399216	537910
1065	399572	537511
1066	399960	537154
1067	400344	536790
1068	400727	536427
1069	401062	535999
1070	401449	535641
1071	401784	535213
1072	402173	534857
1073	402669	534643
1074	403018	534234
1075	403373	533832
1076	403748	533457
1077	404091	533041
1078	404450	532644
1079	404789	532223
1080	405126	531799
1081	405504	531427
1082	405863	531032
1083	406269	530698
1084	406632	530309
1085	406978	529895
1086	407298	529450
1087	407639	529032
1088	407970	528600
1089	408320	528194
1090	408667	527784
1091	409012	527371
1092	409430	527052
1093	409839	526722
1094	410241	526383
1095	410614	526006
1096	411003	525649
1097	411372	525268
1098	411725	524865
1099	412060	524441
1100	412423	524050
1101	412772	523643
1102	413166	523294
1103	413552	522934
1104	413898	522522
1105	414259	522131
1106	414636	521760
1107	415065	521453
1108	415412	521045
1109	415778	520659
1110	416150	520282
1111	416525	519907
1112	416971	519622
1113	417351	519253
1114	417754	518914
1115	418215	518647
1116	418570	518247
1117	418933	517858
1118	419301	517475
1119	419706	517138
1120	420063	516741
1121	420445	516376
1122	420847	516034
1123	421257	515703
1124	421664	515367
1125	422069	515029
1126	422469	514685
1127	422838	514304
1128	423218	513934
1129	423549	513507
1130	423871	513068
1131	424199	512637
1132	424571	512258
1133	424953	511892
1134	425344	511537
1135	425700	511140
1136	426030	510712
1137	426366	510290
1138	426708	509876
1139	427098	509521
1140	427454	509123
1141	427784	508696
1142	428155	508317
1143	428560	507979
1144	428956	507629
1145	429378	507310
1146	429773	506960
1147	430157	506596
1148	430524	506212
1149	430877	505812
1150	431266	505455
1151	431606	505039
1152	431959	504639
1153	432326	504255
1154	432681	503858
1155	433017	503439
1156	433405	503080
1157	433749	502669
1158	434089	502255
1159	434417	501826
1160	434798	501460
1161	435175	501088
1162	435520	500680
1163	435881	500290
1164	436230	499886
1165	436563	499464
1166	436896	499042
1167	437263	498660
1168	437615	498260
1169	438052	497957
1170	438426	497582
1171	438849	497262
1172	439183	496842
1173	439547	496456
1174	439908	496067
1175	440270	495679
1176	440657	495318
1177	441010	494919
1178	441367	494526
1179	441745	494156
1180	442112	493773
1181	442521	493437
1182	442941	493113
1183	443296	492718
1184	443687	492361
1185	444039	491963
1186	444382	491553
1187	444771	491195
1188	445157	490833
1189	445541	490469
1190	445919	490099
1191	446272	489701
1192	446648	489328
1193	447008	488938
1194	447392	488575
1195	447768	488202
1196	448244	487938
1197	448569	487510
1198	448941	487133
1199	449310	486753
1200	449665	486357
1201	450033	485976
1202	450360	485550
1203	450767	485211
1204	451104	484796
1205	451449	484390
1206	451809	484001
1207	452168	483610
1208	452564	483259
1209	452904	482848
1210	453284	482480
1211	453666	482114
1212	454044	481743
1213	454374	481322
1214	454778	480979
1215	455147	480599
1216	455474	480175
1217	455808	479759
1218	456178	479380
1219	456558	479012
1220	456946	478651
1221	457339	478297
1222	457754	477965
1223	458161	477625
1224	458598	477316
1225	459004	476974
1226	459429	476653
1227	459824	476299
1228	460226	475954
1229	460567	475544
1230	460946	475175
1231	461319	474799
1232	461643	474373
1233	462026	474008
1234	462379	473611
1235	462783	473267
1236	463129	472863
1237	463475	472460
1238	463878	472114
1239	464247	471735
1240	464601	471339
1241	464943	470933
1242	465285	470525
1243	465631	470123
1244	465988	469731
1245	466334	469328
1246	466700	468945
1247	467027	468524
1248	467361	468109
1249	467704	467704
1250	468049	467301
1251	468482	466986
1252	468838	466593
1253	469298	466304
1254	469698	465955
1255	470084	465592
1256	470470	465230
1257	470873	464884
1258	471274	464536
1259	471661	464174
1260	472031	463796
1261	472408	463424
1262	472785	463052
1263	473133	462652
1264	473504	462274
1265	473874	461896
1266	474231	461505
1267	474588	461114
1268	475005	460781
1269	475425	460451
1270	475809	460086
1271	476171	459700
1272	476546	459326
1273	476905	458937
1274	477327	458608
1275	477702	458234
1276	478159	457939
1277	478502	457535
1278	478829	457115
1279	479190	456728
1280	479532	456323
1281	479938	455978
1282	480300	455592
1283	480699	455241
1284	481062	454857
1285	481443	454488
1286	481798	454095
1287	482159	453709
1288	482543	453343
1289	482889	452942
1290	483219	452527
1291	483593	452152
1292	483980	451789
1293	484332	451394
1294	484672	450988
1295	485007	450577
1296	485398	450219
1297	485773	449846
1298	486174	449495
1299	486534	449108
1300	486927	448751
1301	487357	448429
1302	487744	448066
1303	488099	447673
1304	488461	447288
1305	488913	446984
1306	489291	446614
1307	489533	446119
1308	489832	445676
1309	490221	445315
1310	490535	444886
1311	490916	444519
1312	491270	444126
1313	491654	443761
1314	492071	443425
1315	492449	443055
1316	492670	442542
1317	493005	442134
1318	493370	441751
1319	493756	441388
1320	494134	441018
1321	494437	440580
1322	494836	440228
1323	495212	439856
1324	495445	439356
1325	495797	438964
1326	496148	438570
1327	496490	438167
1328	496842	437775
1329	497184	437372
1330	497568	437008
1331	497957	436647
1332	498314	436258
1333	498692	435888
1334	499069	435517
1335	499470	435167
1336	499831	434782
1337	500205	434408
1338	500515	433979
1339	500896	433611
1340	501257	433227
1341	501641	432862
1342	502026	432498
1343	502417	432138
1344	502794	431767
1345	503128	431359
1346	503522	431003
1347	503891	430625
1348	504235	430226
1349	504563	429813
1350	504931	429434
1351	505350	429099
1352	505802	428792
1353	506187	428427
1354	506582	428071
1355	506972	427711
1356	507342	427334
1357	507727	426969
1358	508175	426658
1359	508513	426254
1360	508904	425893
1361	509264	425508
1362	509647	425142
1363	510000	424751
1364	510335	424344
1365	510666	423935
1366	511062	423579
1367	511481	423243
1368	511815	422836
1369	512201	422472
1370	512540	422070
1371	512943	421720
1372	513349	421373
1373	513777	421042
1374	514214	420720
1375	514579	420339
1376	514911	419931
1377	515280	419553
1378	515606	419140
1379	515996	418779
1380	516377	418411
1381	516756	418041
1382	517160	417692
1383	517585	417359
1384	517952	416979
1385	518353	416627
1386	518716	416244
1387	519091	415871
1388	519517	415539
1389	519877	415153
1390	520248	414777
1391	520609	414393
1392	520968	414007
1393	521306	413604
1394	521644	413202
1395	521973	412792
1396	522322	412399
1397	522701	412029
1398	523083	411661
1399	523459	411289
1400	523844	410924
1401	524193	410530
1402	524595	410179
1403	524946	409787
1404	525316	409410
1405	525668	409019
1406	526038	408642
1407	526427	408280
1408	526775	407886
1409	527147	407510
1410	527470	407097
1411	527848	406727
1412	528231	406360
1413	528562	405953
1414	528946	405587
1415	529302	405200
1416	529682	404831
1417	530045	404449
1418	530402	404062
1419	530790	403699
1420	531136	403304
1421	531462	402894
1422	531810	402501
1423	532185	402128
1424	532568	401762
1425	532904	401360
1426	533263	400975
1427	533648	400609
1428	534019	400234
1429	534371	399844
1430	534749	399473
1431	535154	399123
1432	535507	398734
1433	535923	398392
1434	536316	398032
1435	536741	397697
1436	537116	397324
1437	537510	396965
1438	537912	396612
1439	538315	396259
1440	538695	395890
1441	539079	395524
1442	539458	395154
1443	539832	394780
1444	540183	394390
1445	540568	394024
1446	540887	393610
1447	541217	393205
1448	541582	392825
1449	542005	392486
1450	542425	392146
1451	542831	391795
1452	543202	391419
1453	543606	391067
1454	543949	390671
1455	544324	390298
1456	544713	389935
1457	545098	389569
1458	545462	389189
1459	545850	388825
1460	546233	388457
1461	546623	388095
1462	546968	387700
1463	547360	387339
1464	547763	386986
1465	548118	386599
1466	548510	386238
1467	548878	385860
1468	549257	385489
1469	549626	385112
1470	550028	384758
1471	550417	384394
1472	550762	384000
1473	551148	383635
1474	551503	383248
1475	551834	382844
1476	552260	382506
1477	552653	382146
1478	553042	381782
1479	553365	381373
1480	553717	380984
1481	554055	380585
1482	554410	380199
1483	554777	379820
1484	555132	379434
1485	555498	379054
1486	555879	378686
1487	556277	378328
1488	556725	378005
1489	557092	377626
1490	557480	377262
1491	557862	376893
1492	558244	376525
1493	558634	376162
1494	559052	375817
1495	559407	375431
1496	559785	375059
1497	560134	374669
1498	560548	374322
1499	560927	373951
1500	561302	373578
1501	561697	373218
1502	562094	372859
1503	562457	372478
1504	562831	372104
1505	563211	371734
1506	563599	371370
1507	564063	371054
1508	564390	370649
1509	564781	370287
1510	565181	369929
1511	565562	369560
1512	565969	369207
1513	566377	368856
1514	566783	368502
1515	567187	368148
1516	567604	367801
1517	568016	367451
1518	568344	367048
1519	568686	366652
1520	569084	366294
1521	569443	365910
1522	569841	365551
1523	570219	365179
1524	570614	364818
1525	571008	364457
1526	571384	364084
1527	571730	363692
1528	572101	363316
1529	572415	362904
1530	572753	362506
1531	573107	362120
1532	573439	361719
1533	573805	361340
1534	574215	360989
1535	574605	360624
1536	574985	360254
1537	575338	359867
1538	575687	359477
1539	576050	359096
1540	576439	358731
1541	576842	358375
1542	577232	358011
1543	577606	357636
1544	577931	357232
1545	578315	356864
1546	578639	356459
1547	578987	356069
1548	579381	355708
1549	579740	355324
1550	580092	354937
1551	580431	354542
1552	580612	354050
1553	580954	353656
1554	581107	353148
1555	581271	352648
1556	581414	352135
1557	581691	351703
1558	582056	351324
1559	582401	350934
1560	582777	350562
1561	583094	350155
1562	583464	349779
1563	583615	349273
1564	583990	348901
1565	584389	348544
1566	584750	348163
1567	585059	347752
1568	585406	347363
1569	585748	346971
1570	586040	346550
1571	586393	346166
1572	586725	345768
1573	587069	345378
1574	587481	345028
1575	587874	344667
1576	588183	344257
1577	588568	343891
1578	588906	343497
1579	589206	343082
1580	589546	342690
1581	589933	342325
1582	590301	341949
1583	590658	341567
1584	591054	341208
1585	591438	340841
1586	591827	340478
1587	592199	340104
1588	592568	339729
1589	592948	339360
1590	593318	338985
1591	593701	338618
1592	594090	338254
1593	594413	337853
1594	594817	337498
1595	595234	337150
1596	595597	336771
1597	595958	336392
1598	596301	336002
1599	596702	335645
1600	597098	335285
1601	597507	334932
1602	597923	334583
1603	598306	334216
1604	598651	333827
1605	599014	333449
1606	599351	333055
1607	599729	332686
1608	600076	332298
1609	600410	331903
1610	600761	331518
1611	601149	331154
1612	601531	330786
1613	601955	330441
1614	602312	330059
1615	602679	329683
1616	603129	329352
1617	603516	328987
1618	603885	328612
1619	604243	328230
1620	604589	327843
1621	604985	327482
1622	605373	327117
1623	605763	326754
1624	606143	326385
1625	606503	326005
1626	606886	325637
1627	607327	325300
1628	607744	324951
1629	608246	324647
1630	608611	324269
1631	608994	323901
1632	609366	323527
1633	609772	323172
1634	610135	322793
1635	610572	322454
1636	610961	322088
1637	611330	321713
1638	611727	321352
1639	612117	320988
1640	612495	320617
1641	612868	320244
1642	613275	319888
1643	613609	319494
1644	613977	319119
1645	614356	318748
1646	614755	318388
1647	615154	318028
1648	615502	317642
1649	615848	317255
1650	616187	316864
1651	616587	316504
1652	616983	316143
1653	617361	315772
1654	617781	315423
1655	618168	315057
1656	618557	314691
1657	618936	314320
1658	619337	313961
1659	619723	313594
1660	620112	313229
1661	620474	312850
1662	620910	312508
1663	621308	312147
1664	621703	311785
1665	622064	311405
1666	622430	311028
1667	622805	310655
1668	623194	310290
1669	623545	309905
1670	623915	309530
1671	624257	309142
1672	624637	308771
1673	625011	308398
1674	625372	308019
1675	625771	307658
1676	626217	307320
1677	626653	306977
1678	627028	306605
1679	627433	306247
1680	627817	305878
1681	628257	305537
1682	628690	305193
1683	629040	304808
1684	629341	304399
1685	629713	304025
1686	630081	303649
1687	630399	303249
1688	630777	302877
1689	631156	302506
1690	631563	302149
1691	631965	301789
1692	632393	301442
1693	632808	301088
1694	633141	300695
1695	633552	300339
1696	633909	299958
1697	634312	299598
1698	634690	299227
1699	635087	298864
1700	635498	298508
1701	635855	298127
1702	636266	297771
1703	636645	297399
1704	637037	297035
1705	637436	296673
1706	637898	296340
1707	638296	295978
1708	638738	295636
1709	639161	295285
1710	639583	294933
1711	639985	294572
1712	640353	294196
1713	640789	293851
1714	641178	293484
1715	641598	293131
1716	641940	292742
1717	642281	292354
1718	642682	291992
1719	643049	291615
1720	643414	291237
1721	643838	290886
1722	644246	290527
1723	644677	290179
1724	645087	289821
1725	645469	289451
1726	645842	289076
1727	646255	288720
1728	646653	288357
1729	647056	287996
1730	647442	287627
1731	647852	287269
1732	648255	286908
1733	648645	286541
1734	649086	286196
1735	649455	285820
1736	649778	285423
1737	650167	285056
1738	650519	284672
1739	650894	284298
1740	651274	283927
1741	651654	283555
1742	652044	283188
1743	652431	282820
1744	652775	282432
1745	653170	282067
1746	653592	281714
1747	653960	281337
1748	654315	280955
1749	654712	280590
1750	655084	280216
1751	655516	279866
1752	655935	279511
1753	656365	279161
1754	656769	278799
1755	657158	278431
1756	657594	278083
1757	658109	277768
1758	658624	277453
1759	659067	277107
1760	659421	276724
1761	659801	276352
1762	660146	275966
1763	660542	275600
1764	660957	275242
1765	661372	274885
1766	661712	274496
1767	662111	274132
1768	662483	273756
1769	662859	273382
1770	663237	273009
1771	663627	272641
1772	663975	272256
1773	664379	271893
1774	664808	271541
1775	665201	271174
1776	665603	270811
1777	666005	270447
1778	666415	270087
1779	666809	269720
1780	667233	269365
1781	667653	269009
1782	668031	268636
1783	668455	268281
1784	668845	267912
1785	669239	267545
1786	669645	267183
1787	670063	266826
1788	670466	266462
1789	670900	266111
1790	671288	265741
1791	671656	265364
1792	672066	265003
1793	672488	264647
1794	672878	264278
1795	673313	263927
1796	673733	263569
1797	674142	263208
1798	674561	262850
1799	674956	262482
1800	675317	262102
1801	675702	261731
1802	676075	261355
1803	676495	260998
1804	676868	260622
1805	677264	260255
1806	677636	259879
1807	678003	259501
1808	678389	259130
1809	678809	258772
1810	679148	258383
1811	679489	257996
1812	679828	257607
1813	680230	257242
1814	680579	256857
1815	680924	256471
1816	681323	256105
1817	681708	255734
1818	682124	255374
1819	682515	255005
1820	682881	254627
1821	683240	254246
1822	683644	253882
1823	684041	253515
1824	684479	253163
1825	684897	252804
1826	685307	252442
1827	685667	252061
1828	686078	251699
1829	686480	251334
1830	686906	250977
1831	687322	250617
1832	687737	250256
1833	688137	249890
1834	688545	249527
1835	688958	249165
1836	689330	248789
1837	689699	248411
1838	690082	248039
1839	690517	247685
1840	690864	247300
1841	691290	246942
1842	691651	246562
1843	692032	246189
1844	692435	245823
1845	692829	245455
1846	693186	245073
1847	693549	244693
1848	693910	244313
1849	694353	243961
1850	694791	243608
1851	695230	243255
1852	695663	242900
1853	696007	242514
1854	696355	242129
1855	696728	241752
1856	697155	241395
1857	697544	241024
1858	697983	240671
1859	698361	240296
1860	698729	239918
1861	699081	239535
1862	699477	239166
1863	699852	238790
1864	700194	238403
1865	700528	238014
1866	700868	237627
1867	701282	237264
1868	701666	236892
1869	702068	236525
1870	702398	236134
1871	702777	235760
1872	703159	235387
1873	703573	235024
1874	703962	234654
1875	704367	234288
1876	704763	233920
1877	705188	233560
1878	705620	233204
1879	705992	232827
1880	706384	232457
1881	706766	232083
1882	707176	231719
1883	707579	231352
1884	707997	230991
1885	708400	230624
1886	708779	230250
1887	709175	229881
1888	709577	229513
1889	709973	229144
1890	710359	228772
1891	710743	228399
1892	711137	228029
1893	711542	227663
1894	711891	227279
1895	712234	226893
1896	712647	226529
1897	713013	226150
1898	713425	225786
1899	713826	225418
1900	714177	225035
1901	714581	224668
1902	714970	224297
1903	715382	223932
1904	715798	223569
1905	716251	223218
1906	716665	222853
1907	717142	222509
1908	717537	222139
1909	717933	221770
1910	718320	221397
1911	718729	221031
1912	719060	220642
1913	719475	220278
1914	719934	219927
1915	720342	219561
1916	720773	219202
1917	721126	218819
1918	721530	218451
1919	721974	218096
1920	722364	217724
1921	722751	217352
1922	723153	216983
1923	723563	216617
1924	723978	216253
1925	724420	215896
1926	724844	215535
1927	725267	215172
1928	725614	214787
1929	726012	214418
1930	726424	214052
1931	726819	213681
1932	727300	213336
1933	727720	212972
1934	728120	212603
1935	728518	212233
1936	728899	211858
1937	729272	211481
1938	729702	211120
1939	730164	210769
1940	730561	210398
1941	730976	210033
1942	731362	209659
1943	731761	209289
1944	732116	208907
1945	732531	208541
1946	732863	208152
1947	733237	207775
1948	733641	207407
1949	734038	207036
1950	734459	206672
1951	734911	206317
1952	735327	205951
1953	735731	205583
1954	736127	205212
1955	736493	204832
1956	736850	204450
1957	737250	204080
1958	737611	203699
1959	737958	203315
1960	738332	202937
1961	738715	202563
1962	739152	202203
1963	739581	201841
1964	740004	201477
1965	740392	201103
1966	740791	200732
1967	741189	200362
1968	741577	199988
1969	741997	199623
1970	742378	199248
1971	742722	198862
1972	743109	198488
1973	743458	198104
1974	743822	197725
1975	744241	197359
1976	744647	196990
1977	745072	196626
1978	745475	196257
1979	745826	195873
1980	746227	195503
1981	746629	195133
1982	747096	194780
1983	747568	194428
1984	747959	194055
1985	748299	193668
1986	748653	193286
1987	749061	192917
1988	749430	192538
1989	749831	192167
1990	750223	191795
1991	750570	191410
1992	750972	191040
1993	751346	190662
1994	751752	190293
1995	752108	189911
1996	752500	189538
1997	752838	189151
1998	753228	188778
1999	753612	188403
2000	754005	188030
2001	754404	187659
2002	754865	187303
2003	755214	186919
2004	755668	186561
2005	756081	186193
2006	756476	185821
2007	756936	185464
2008	757279	185079
2009	757663	184704
2010	758075	184335
2011	758521	183975
2012	758885	183595
2013	759281	183222
2014	759676	182850
2015	760059	182474
2016	760514	182116
2017	760904	181742
2018	761321	181374
2019	761705	180999
2020	762116	180630
2021	762514	180258
2022	762944	179893
2023	763327	179517
2024	763707	179141
2025	764107	178769
2026	764544	178406
2027	764960	178038
2028	765361	177666
2029	765769	177296
2030	766198	176931
2031	766564	176551
2032	766979	176182
2033	767362	175806
2034	767747	175431
2035	768147	175059
2036	768500	174676
2037	768891	174302
2038	769307	173933
2039	769702	173560
2040	770130	173194
2041	770533	172822
2042	770931	172450
2043	771527	172121
2044	771998	171765
2045	772434	171400
2046	772826	171026
2047	773244	170657
2048	773714	170300
2049	774067	169917
2050	774446	169540
2051	774819	169161
2052	775211	168787
2053	775609	168413
2054	776043	168048
2055	776434	167673
2056	776812	167296
2057	777194	166919
2058	777568	166540
2059	777994	166173
2060	778352	165791
2061	778724	165412
2062	779112	165037
2063	779548	164672
2064	779939	164297
2065	780305	163917
2066	780680	163538
2067	781092	163168
2068	781433	162782
2069	781807	162404
2070	782158	162021
2071	782521	161640
2072	782877	161258
2073	783235	160876
2074	783592	160494
2075	783930	160109
2076	784296	159729
2077	784666	159349
2078	785016	158966
2079	785362	158582
2080	785703	158197
2081	786072	157818
2082	786450	157441
2083	786834	157064
2084	787189	156682
2085	787601	156312
2086	788046	155947
2087	788389	155563
2088	788737	155180
2089	789134	154806
2090	789468	154420
2091	789814	154036
2092	790190	153658
2093	790540	153275
2094	790942	152902
2095	791286	152519
2096	791650	152138
2097	792020	151759
2098	792367	151376
2099	792690	150988
2100	793080	150613
2101	793403	150225
2102	793747	149841
2103	794056	149451
2104	794384	149065
2105	794639	148664
2106	795000	148284
2107	795358	147903
2108	795712	147521
2109	796023	147132
2110	796367	146748
2111	796751	146372
2112	797091	145988
2113	797448	145607
2114	797809	145227
2115	798194	144851
2116	798528	144466
2117	798914	144091
2118	799269	143710
2119	799652	143333
2120	799996	142950
2121	800359	142571
2122	800726	142192
2123	801063	141807
2124	801398	141423
2125	801745	141040
2126	802090	140658
2127	802463	140280
2128	802803	139896
2129	803148	139514
2130	803454	139124
2131	803780	138738
2132	804118	138355
2133	804494	137977
2134	804835	137594
2135	805182	137212
2136	805573	136838
2137	806007	136470
2138	806338	136086
2139	806685	135704
2140	806996	135316
2141	807351	134935
2142	807665	134548
2143	808013	134166
2144	808331	133779
2145	808641	133391
2146	808964	133006
2147	809333	132628
2148	809670	132244
2149	810030	131865
2150	810365	131481
2151	810693	131097
2152	811049	130717
2153	811435	130342
2154	811764	129957
2155	812086	129572
2156	812449	129193
2157	812747	128804
2158	813050	128416
2159	813404	128035
2160	813742	127653
2161	814061	127267
2162	814412	126887
2163	814798	126512
2164	815168	126134
2165	815496	125750
2166	815844	125369
2167	816191	124988
2168	816551	124609
2169	816892	124227
2170	817194	123840
2171	817559	123462
2172	817923	123083
2173	818268	122702
2174	818632	122324
2175	818973	121942
2176	819270	121554
2177	819586	121169
2178	819919	120786
2179	820257	120404
2180	820631	120028
2181	821004	119651
2182	821389	119276
2183	821744	118897
2184	822100	118517
2185	822509	118146
2186	822868	117767
2187	823186	117383
2188	823533	117002
2189	823879	116622
2190	824176	116234
2191	824531	115855
2192	824825	115467
2193	825186	115089
2194	825528	114708
2195	825857	114326
2196	826183	113943
2197	826576	113569
2198	826938	113191
2199	827289	112812
2200	827619	112429
2201	827975	112051
2202	828327	111671
2203	828647	111288
2204	829038	110914
2205	829368	110532
2206	829709	110151
2207	830052	109771
2208	830373	109388
2209	830689	109004
2210	831061	108628
2211	831436	108252
2212	831791	107873
2213	832135	107493
2214	832473	107112
2215	832802	106731
2216	833104	106345
2217	833479	105969
2218	833840	105592
2219	834194	105213
2220	834545	104834
2221	834886	104454
2222	835229	104074
2223	835607	103699
2224	836001	103326
2225	836370	102949
2226	836750	102574
2227	837102	102195
2228	837549	101828
2229	837915	101451
2230	838261	101072
2231	838578	100689
2232	838936	100311
2233	839299	99934
2234	839698	99561
2235	840069	99185
2236	840432	98808
2237	840763	98427
2238	841122	98049
2239	841482	97672
2240	841818	97291
2241	842149	96911
2242	842526	96535
2243	842885	96158
2244	843253	95781
2245	843647	95408
2246	844023	95032
2247	844349	94651
2248	844706	94273
2249	845057	93895
2250	845396	93515
2251	845797	93142
2252	846172	92767
2253	846506	92387
2254	846893	92012
2255	847284	91638
2256	847606	91257
2257	848117	90896
2258	848563	90528
2259	849006	90159
2260	849426	89789
2261	849802	89413
2262	850204	89040
2263	850565	88663
2264	850946	88288
2265	851341	87914
2266	851725	87539
2267	852086	87162
2268	852444	86784
2269	852843	86411
2270	853207	86034
2271	853608	85661
2272	853968	85284
2273	854376	84911
2274	854776	84538
2275	855141	84161
2276	855527	83786
2277	855875	83408
2278	856239	83031
2279	856604	82654
2280	856976	82278
2281	857361	81903
2282	857717	81526
2283	858113	81152
2284	858479	80776
2285	858823	80397
2286	859215	80023
2287	859564	79644
2288	859964	79271
2289	860357	78897
2290	860710	78519
2291	861091	78144
2292	861476	77769
2293	861859	77394
2294	862226	77018
2295	862591	76641
2296	862965	76265
2297	863381	75893
2298	863825	75523
2299	864188	75146
2300	864615	74775
2301	865021	74402
2302	865460	74031
2303	865911	73662
2304	866300	73287
2305	866668	72911
2306	867189	72547
2307	867600	72174
2308	868029	71803
2309	868419	71428
2310	868795	71052
2311	869237	70681
2312	869672	70310
2313	870077	69937
2314	870479	69563
2315	870847	69186
2316	871234	68811
2317	871626	68436
2318	872033	68063
2319	872412	67687
2320	872792	67311
2321	873143	66933
2322	873536	66558
2323	873942	66185
2324	874322	65809
2325	874703	65433
2326	875099	65058
2327	875494	64684
2328	875902	64310
2329	876334	63938
2330	876734	63564
2331	877178	63192
2332	877631	62822
2333	878004	62445
2334	878412	62071
2335	878811	61697
2336	879220	61323
2337	879663	60951
2338	880062	60577
2339	880458	60202
2340	880889	59829
2341	881311	59456
2342	881714	59082
2343	882097	58706
2344	882521	58332
2345	882903	57956
2346	883305	57582
2347	883705	57207
2348	884111	56833
2349	884483	56456
2350	884901	56082
2351	885330	55709
2352	885748	55335
2353	886144	54960
2354	886556	54586
2355	887003	54214
2356	887418	53839
2357	887787	53463
2358	888213	53089
2359	888616	52714
2360	889019	52339
2361	889403	51963
2362	889824	51589
2363	890218	51213
2364	890638	50839
2365	891016	50463
2366	891409	50087
2367	891795	49711
2368	892156	49334
2369	892488	48955
2370	892857	48578
2371	893281	48204
2372	893667	47827
2373	894111	47454
2374	894493	47078
2375	894903	46703
2376	895319	46329
2377	895689	45952
2378	896069	45575
2379	896495	45201
2380	896972	44829
2381	897396	44455
2382	897802	44080
2383	898214	43705
2384	898614	43329
2385	898977	42951
2386	899359	42575
2387	899778	42200
2388	900276	41829
2389	900699	41454
2390	901042	41076
2391	901462	40701
2392	901851	40325
2393	902259	39949
2394	902596	39571
2395	903014	39195
2396	903423	38820
2397	903819	38444
2398	904215	38068
2399	904654	37693
2400	905041	37317
2401	905409	36940
2402	905779	36562
2403	906170	36186
2404	906584	35811
2405	907024	35436
2406	907379	35058
2407	907758	34681
2408	908178	34306
2409	908566	33929
2410	908923	33552
2411	909300	33175
2412	909694	32798
2413	910094	32422
2414	910478	32045
2415	910894	31670
2416	911304	31294
2417	911721	30918
2418	912136	30542
2419	912552	30167
2420	912948	29790
2421	913322	29413
2422	913717	29036
2423	914126	28660
2424	914491	28283
2425	914873	27906
2426	915222	27528
2427	915627	27152
2428	916018	26775
2429	916440	26399
2430	916848	26023
2431	917219	25645
2432	917640	25270
2433	918154	24896
2434	918612	24521
2435	919037	24145
2436	919489	23770
2437	919908	23393
2438	920307	23017
2439	920720	22640
2440	921140	22264
2441	921546	21887
2442	921904	21509
2443	922274	21132
2444	922728	20756
2445	923128	20379
2446	923484	20001
2447	923889	19625
2448	924331	19249
2449	924700	18871
2450	925115	18494
2451	925541	18118
2452	925934	17741
2453	926361	17364
2454	926792	16988
2455	927174	16610
2456	927584	16233
2457	927973	15856
2458	928401	15479
2459	928787	15102
2460	929218	14725
2461	929575	14347
2462	929979	13970
2463	930376	13593
2464	930727	13215
2465	931091	12837
2466	931435	12459
2467	931780	12081
2468	932188	11704
2469	932583	11326
2470	932969	10949
2471	933353	10571
2472	933752	10194
2473	934160	9817
2474	934527	9439
2475	934938	9062
2476	935367	8685
2477	935795	8308
2478	936194	7930
2479	936524	7552
2480	936908	7175
2481	937342	6797
2482	937759	6420
2483	938176	6043
2484	938583	5665
2485	939005	5288
2486	939424	4910
2487	939831	4532
2488	940222	4155
2489	940658	3777
2490	941037	3399
2491	941395	3022
2492	941750	2644
2493	942140	2266
2494	942551	1888
2495	942993	1511
2496	943392	1133
2497	943734	755
2498	944126	377
2499	944525	0
